100
2
1 11
1 4
2
3 15
11 2
2
0 14
15 13
2
2 12
3 9
2
4 13
9 12
2
2 14
6 2
2
3 11
5 8
2
6 13
13 15
2
6 13
5 4
2
3 11
10 15
2
190528566 626317740
463314276 18105098
2
189449513 853511606
455085735 47959898
2
102907557 832616528
339959948 876664867
2
576006474 875627428
609126279 802733799
2
337373902 688666693
905943900 513587697
2
134556430 932611155
414575525 699986783
2
133444654 935834098
62427368 628433712
2
762961376 977503026
268889834 244374996
2
43464084 868378020
490241897 577629120
2
151990149 908277855
388670043 20583927
2
114483015 685797374
883459928 731414850
2
123416838 457373081
532736535 995200496
2
107569125 820166809
27972654 520315610
2
625575766 743817554
934374091 688792058
2
236076962 953970484
611710604 650367245
2
123412721 707002417
592224112 732148049
2
182967525 692732320
250093029 588699770
2
261118448 861710533
942241783 500505276
2
320052502 692311567
750000767 620015045
2
325713630 880620305
993491148 665922059
2
192621191 973625523
268673385 123004139
2
91146172 920279455
970471991 904395061
2
170969814 781478672
560907071 494358793
2
181615178 658881221
778614049 478439089
2
310713533 698768725
249151095 758830463
2
67044212 630878845
333316102 270284967
2
266440817 673477932
289366 586331236
2
251287087 924627422
915842735 599055473
2
86086744 970919341
545988112 621144182
2
31138590 807499748
463758130 987217001
2
105204354 900594774
591752835 713122196
2
520311118 861405461
347415705 927606711
2
179408179 710591088
274783425 688598420
2
154635221 969573269
374565042 662311597
2
230311901 821248190
368908252 491264700
2
393361233 917718291
100846309 540324464
2
309891520 697098313
956670016 965677032
2
40708034 976918897
140306501 68039666
2
142364645 617586391
400266073 524353345
2
135740080 886921213
848068938 202811041
2
238147701 390066301
118116233 202932070
2
83465369 851526528
800400066 48781062
2
12414759 947791128
190497415 297407304
2
262115411 781288651
408436278 304243237
2
593902510 946937277
771349742 122457605
2
26661576 910812589
856369417 370474133
2
212536945 839902476
396038170 966587321
2
344067524 557631824
384145425 251424991
2
146079448 611223298
215855524 380552061
2
90495442 757690912
60147729 921296428
2
17836909 952357521
426081373 699067729
2
272109090 757312156
183001993 343537632
2
273942160 529532139
141922869 845070707
2
153143799 901220362
123965798 294892225
2
184535391 836618419
402042591 703117935
2
276793084 733167908
76641254 344835501
2
115654146 904085076
551190299 361258703
2
93546768 730018258
577172364 522236954
2
75056122 678710031
965776569 97032361
2
285243623 742292325
277882306 396707202
2
35465900 438185773
290894149 109973440
2
77885822 878364910
182753147 928314411
2
148308170 681182632
967267390 780018858
2
224500687 736165846
63125687 952747534
2
98127153 813987472
334561606 20151269
2
307058841 852561484
394430755 662546703
2
110427846 910356469
817227473 477348261
2
71966115 968189135
217627874 799801078
2
75501724 874985615
275794343 847329421
2
64407796 765761500
433190009 205740364
2
226975186 766442821
909523529 861556649
2
184319725 911817975
777727167 720505172
2
247303734 800558945
568068828 752966863
2
218327228 669190654
690748865 513449794
2
211036047 737828434
136726602 265875831
2
345240688 601066996
709059054 934683232
2
93738817 824480519
596572107 435561015
2
302339386 747096412
22846993 591626693
2
32338911 382731448
529508597 824260752
2
193108115 913331374
846861343 317769618
2
204344165 874632734
997183200 925984381
2
398592390 869589690
6887511 493323647
2
41231088 741016657
159354806 713017628
2
334119611 884172492
873685872 495637401
2
261587721 425882290
558644455 711571248
2
161370009 976653183
968640906 436879636
2
179704680 633676613
208189446 264362487
2
180038100 737240976
744442987 869358309
2
285737093 842018751
565415978 399761581
2
478597835 765324763
502643773 867769001
