100
2
3 13
14 0
2
0 15
11 13
2
1 15
13 1
2
1 9
5 14
2
2 13
3 4
2
2 14
10 2
2
3 14
2 4
2
3 15
3 10
2
2 10
10 1
2
8 14
4 3
2
75600093 983336021
730774322 801663713
2
205833331 619956010
507279671 352722586
2
380974950 956325124
775908953 963439890
2
153365549 832422146
338592870 722563311
2
184584227 893069733
764667515 66865303
2
169974600 745522541
151003152 327124893
2
255372847 815455862
619220305 962025652
2
83738288 996859587
783712807 114560433
2
108611773 901347330
941364900 698751714
2
353865591 801739350
307194941 806004599
2
109490450 592670557
873739752 439954366
2
62695073 739352362
500376152 515710934
2
311554860 755279441
487270363 674421822
2
233607602 865990791
580145262 547098880
2
212388992 696589049
135532120 235217381
2
96561940 597343723
806945929 57106059
2
18156764 670537507
127756224 878206771
2
192486540 726059462
516608190 232481465
2
381638951 949413243
607520281 628376248
2
495956993 786813482
838316132 960802002
2
137491314 899300573
681786990 290063559
2
212150618 941550264
55394805 972248758
2
415554302 951796012
962787609 682579652
2
47922669 588198249
660365903 855851654
2
46707296 811107526
64410830 6149452
2
132762476 880769995
986957086 554892226
2
760476219 820839680
565476197 64115752
2
75082911 959136367
826077706 103741964
2
70268933 783160342
827676702 749023944
2
460840654 868931574
390434530 920518688
2
149775680 962121923
391180846 715732325
2
259954032 877650767
430556696 505748497
2
99241203 955193872
654419942 319443244
2
232791877 619410414
396003116 881008488
2
433183117 853082994
771373096 7672029
2
28523427 692995256
10337470 818869391
2
32834137 728228974
531074341 727190928
2
270675571 865590245
83246833 814248018
2
252128534 966221308
195535049 318713126
2
10182998 897845331
743025567 783964456
2
83796508 983764648
828494814 489296929
2
105442015 884002893
762331074 558717806
2
159759796 778080821
411745772 461014178
2
316510098 778218121
560992640 983160924
2
266772682 955985475
890680712 366177900
2
269522929 734939908
584611788 578073812
2
135482981 474681179
390660077 876198461
2
57090533 723538158
682593214 717087452
2
322453543 674236486
463559234 999007112
2
189773730 710614195
53091871 920076104
2
258612908 715370783
728309878 27910601
2
21335902 566391411
644946098 540694576
2
139929007 908431551
119049815 187541971
2
102750410 843054497
725528798 755386410
2
81563419 481018694
709658266 330709686
2
36713480 883661383
792892017 84545375
2
235522422 966424217
108577790 231701738
2
281225919 803785261
667310914 924483369
2
145516679 883355491
722907427 629829598
2
170831482 800336910
310536895 92456778
2
204039276 718499060
568739191 700925739
2
106681313 606973169
723923430 215538571
2
201726008 789203983
734580697 34342420
2
76407399 599383791
857310517 96124609
2
166988212 727633228
569917582 271253696
2
20347032 988920387
467667787 877668327
2
400383898 936981933
69045898 379628842
2
159613569 571485958
136883515 697927062
2
121719556 590238784
166529723 150231543
2
315892282 804113949
798140200 414486603
2
366143036 972091118
130308603 560666908
2
233290921 885324308
357237402 569717778
2
576296971 826187533
652579048 793774404
2
239087343 702185679
80476203 302180912
2
249729959 722647193
533207037 837612405
2
221489104 922371803
580431143 637523303
2
156265417 802991546
714324556 621392750
2
263220595 706868934
802131971 179030638
2
184757463 489328930
576031795 325486891
2
171745728 909343697
49311902 681498516
2
248748714 872278824
125929896 342158265
2
370189148 666067194
998989264 620554504
2
359080369 900450764
170856395 788662404
2
620174273 780486340
160688011 192832562
2
42433457 492675876
620868210 467337088
2
185036886 906100987
560558876 613743491
2
98096549 958471822
400456643 431112631
2
91393281 773454021
614101967 203597333
2
339636939 874460328
737499546 277892648
2
134233831 818868231
303876486 366207264
